Temporal
total
[0.0673, 0.0918, 0.1087, 0.1180, 0.1288, 0.1313, 0.1205, 0.1018 , 0.0792, 0.0526]
label1
[0.079 , 0.1008, 0.1163, 0.1279, 0.1307, 0.1329, 0.1177, 0.094 ,  0.0639, 0.037 ]
label0
[0.0558, 0.083 , 0.1012, 0.1082, 0.1269, 0.1297, 0.1229, 0.1097,  0.0946, 0.068 ]
单独个体分布上存在明显的尖峰

Spacial
total
[0.3413, 0.3035, 0.3552]
label1
[0.3351, 0.3066, 0.3583]
label0
[0.3474, 0.2996, 0.353 ]


Frequency
total
[0.4718, 0.0007, 0.5274]
[0.5774, 0.0020, 0.4206]
label1
[0.7655, 0.0005, 0.234 ]
label0
[0.6168, 0.0011, 0.382 ]
